2018-11-20 14:08:44	Forwarded connection refused by server: Connect failed [Connection refused]
2018-11-20 14:11:52	Forwarded connection refused by server: Connect failed [Connection refused]
2018-11-20 14:13:42	Opening connection to horus.labs.esilv.fr:3307 for forwarding from 127.0.0.1:55677
2018-11-20 14:14:17	Opening connection to horus.labs.esilv.fr:3307 for forwarding from 127.0.0.1:55681


SELECT * FROM touristflow.tripadvisor_reviews WHERE idplace IN (SELECT id FROM touristflow.tripadvisor WHERE gtrip = 187147);

******************** SHAPE GID **********************************
SELECT * FROM gadm2.dataINSEE WHERE Région = "ILE-DE-FRANCE";

******************** PLACES ****************************
SELECT * FROM touristflow.tripadvisorShort WHERE shape_gid IN (
83250,79567,54892,78624,47961,82574,78913,62838,47941,73895,73155,72676,58462,75347,62123,59227,80578,75351,74156,57104,48176,66728,82498,66242,80055,71741,72108,56084,70458,60734,53317,56561,72673,77339,62878,75227,78308,73273,71397,60065,82475,64810,73876,81351,70339,61346,58069,56225,65392,61883,73945,73801,79466,81062,83331,71400,63420,58571,58329,63768,63873,67247,64938,74591,78865,53504,58642,56233,57106,61499,53786,80580,62283,77967,57453,65062,55554,53812,61349,66891,58032,74412,73373,83330,47420,66502,83324,50815,81248,83036,65532,57336,67825,55244,58104,60925,49876,62297,57413,81632,60930,67191,78607,69320,49608,63821,76297,73132,68708,71008,74070,63372,51978,63967,63997,82576,65870,57840,76677,75340,67413,65458,48114,70505,60502,60660,55382,56626,65178,76534,81376,62604,49216,83057,68944,73233,73877,74019,77098,57723,60205,50425,65387,73501,74864,76889,54601,67609,81777,80827,55076,75456,65481,74289,78220,69501,77566,72678,81286,59945,82167,56468,60067,67959,61602,77916,69145,61151,77242,82433,62854,60424,71682,72187,62847,57258,57414,73591,68660,64342,73170,80163,69124,73902,77709,58350,60739,50124,70007,68281,76932,72814,53107,81219,65063,73655,77863,83183,75352,67647,76100,60038,76907,48942,78741,67921,66765,72023,67042,65525,57134,66763,66869,64315,76548,72006,73237,54034,68583,64076,48456,69318,74674,76709,77128,82435,71742,79507,77966,52887,68550,71595,72674,80543,71257,70512,79724,60422,67945,81491,82917,54798,74339,71473,60098,52996,58789,49342,68430,68580,81065,72369,81077,47003,67505,53251,81829,66198,52687,65930,61127,81290,53843,64324,72594,61861,81716,73851,53804,67080,81701,59401,69862,74481,73600,61749,80162,74478,68585,54301,53288,74518,53888,81123,74865,74211,61078,69286,75629,83326,52193,61512,75827,67084,58747,66562,69861,69101,52689,69859,68035,75483,75466,74949,55749,52694,72424,56305,69024,79563,76547,76992,51506,75134,56193,58961,74848,70295,79505,71905,61664,49298,71472,59054,66595,73172,51066,53980,78404,78309,65526,61013,83064,78657,80054,70315,60569,49932,51265,50290,79163,71665,76693,74903,79725,70694,60582,76727,64099,68777,48887,51246,60423,73601,78109,81289,72318,81427,72037,61028,64487,48881,63043,64319,69267,79508,52502,71354,73742,69015,67770,79491,73890,52598,74402,63987,79621,67652,80374,61048,82106,73673,62518,75689,82714,66185,78460,47719,58215,52944,52089,62420,68074,55065,48856,54582,69948,49501,65527,53083,83328,81025,71012,73585,82969,74326,73615,74841,58602,76525,67827,78658,48903,47893,62421,64314,73040,68298,67506,57363,77665,75493,66269,64058,63766,55210,58056,64247,56826,47440,53582,82481,82480,78622,74157,58481,63589,82157,70318,65300,73614,59888,81828,63421,61205,77911,77428,71943,70314,71516,67826,74082,61712,61706,82477,74400,77834,69146,61636,81405,63875,62955,73894,57452,58328,72834,62743,82353,60789,68403,78305,57409,73747,74446,80918,75339,79834,60375,53550,75002,64083,66582,67922,60399,76105,57095,69808,73847,67242,48866,58960,47476,58621,65973,57731,58344,68097,55266,55089,81713,71009,49722,82436,68943,81859,69073,58958,47845,80160,66640,67128,51098,58644,71414,58603,81288,60066,70342,50819,81064,58308,61320,75718,47539,80127,80852,73308,71329,69505,66373,80877,81292,64318,73848,67320,80286,73372,73499,57842,71328,77271,78126,77757,60929,79394,71871,65713,65533,72021,80581,65709,68444,61591,74334,82479,80128,71529,74288,83332,70294,58341,58452,75915,71945,57841,77142,62853,80164,82509,63021,67734,72067,63423,57384,54380,50958,78269,82015,81926,69055,57687,59467,70005,75712,49357,67797,75342,63704,60791,73855,73911,51336,61590,55732,79093,65486,75348,57385,57410,74847,51162,77569,80577,46892,72638,59879,52241,66933,49100,78742,82573,58645,78237,76679,79024,56989,72320,56722,60095,79908,58348,65565,70709,74463,62093,75617,70077,58839,82826,62012,63872,76102,67822,63764,82478,64671,71256,76103,58101,63350,78656,54148,80579,69330,76444,68299,76872,60740,61754,64404,58566,79423,78311,57271,58569,58826,67200,63820,82345,71471,80126,56377,58625,64953,75848,55023,65176,78076,67127,60914,78796,58627,52940,71637,67116,61514,72250,55040,74268,48493,81633,82354,62422,57138,80168,60013,54414,57856,59984,78432,66868,61189,55072,64518,61495,54977,82937,67613,58809,61592,52305,67597,58006,58454,58764,61154,82942,62868,70506,64990,65584,82812,52749,74073,56603,52451,50378,56793,74479,71253,64288,47602,82741,83081,66730,57137,57136,49897,58825,50040,80477,62689,51527,65727,61081,75345,51109,61901,82138,48038,62214,83329,74049,82434,66764,72317,50932,67824,78660,49078,64488,56823,76678,77502,69261,77873,67428,83043,77243,63767,63988,47781,59056,63966,48848,74517,79375,75341,64225,74628,79622,78914,69075,61345,82350,75646,54108,79175,71254,69102,69166,74420,77129,80021,79909,79224,65628,72195,50516,61188,75228,78743,81119,69858,65179,71013,82155,49953,53029,63670,78621,82811,58669,80587,80104,47674,73447,47272,80101,55188,58342,77570,60188,73220,72921,75287,58646,80582,54788,68321,80064,67923,64772,54872,67611,78623,75934,76549,51061,62969,74074,80166,73039,66955,67741,74714,75285,78745,72589,76576,56720,69860,64873,73463,72677,49056,78786,51819,81428,78303,58844,55378,81093,61902,66911,75719,60493,51440,64736,68038,69289,65180,67951,71377,62199,57140,75255,74091,73881,58102,76537,74509,63393,55994,62092,66382,62351,82476,83327,71879,52937,69504,82395,63884,52621,54756,51332,81565,73714,65530,73502,64316,63968,72981,77338,64730,72082,83166,76718,80826,78795,63762,57273,69866,48888,83325,79898,58671,74112,80915,70006,57757,76717,77126,81631,74324,74480,75482,65874,64992,76013,62260,70676,69065,75164,64114,64914,48744,70084,80071,47773,76711,80728,58461,79711,70126,64074,65049,69508,56825,58570,81630,47458,79794,81758,72015,76995,70204,57105,63239,78101,63763,60844,83060,57223,60172,57854,48824,66903,56751,77565,83333,71743,80464,67305,59792,59790,63979,75343,79225,54959,60203,80914,48813,58959,78659,71946,64113,61513,82084,70847,52576,46900,59890,78926,73393,79922,67823,70712,58765,66272,64217,65529,67427,58343,60571,59017,51869,79430,60855,57563,70938,78040,60021,61162,59044,62401,62587,60570,73688,53013,50340,67714,60736,73394,64322,57062,57549,56226,56314,66451,75165,65839,70665,64234,69381,60738,49134,75841,57033,74403,80882,50152,65585,78812,81149,63422,53784,77104,83041,82388,51383,66585,78304,68553,52803,76439,63965,49574,82083,67304,58783,64075,61752,64682,50541,70043,55032,66359,50666,58670,49968,80861,48786,77567,51208,56403,77683,48369,60566,73792,58601,74072,51928,58421,80680,66161,80161,46802,58932,70564,71398,72291,82107,72248,80647,75338,54239,63343,74071,58100,68657,81560,55043,63486,67752,61165,61751,60400,63229,54626,69702,67916,60097,52452,54546,49921,73500,56906,58345,65110,53861,77894,56824,60014,58824,66443,71947,68133,58327,59938,68279,61517,74751,48452,67418,76781,58347,77465,76891,54489,74849,73046,79506,58223,71596,68914,55483,77464,66187,74209,63736,66186,60741,74947,60581,66908,60735,74945,74715,77127,54030,67886,47449,71840,69317,83122,76789,63215,78740,65711,70715,60329,56797,65064,77244,53726,78603,69502,61685,80303,61001,62395,77643,76066,70685,65175,61518,67194,71719,61351,69257,75087,67340,77855,64833,68920,70632,71255,65177,55208,52016,73159,72487,61515,60503,74902,80919,61190,58804,73117,56721,59523,63640,78307,69243,52652,71229,47890,57732,57135,50240,47711,82346,53737,66045,52322,82940,81714,70031,65931,64485,56492,80287,47219,82349,67197,79833,62013,65419,69054,74080,65051,49414,78606,59390,62145,63474,76578,77272,68582,53793,57953,64637,49217,54800,73112,68470,56334,59942,69503,58296,80465,77564,71102,74210,68581,80733,61163,81793,78127,77847,79556,65524,77968,81287,63476,63684,60619,62423,82823,69925,54571,63395,69398,64224,70707,75108,83009,81322,70708,80542,63874,59145,72637,56609,65181,76577,67043,52090,60421,81375,81326,63526,55780,64773,65728,55360,79223,76719
);

**************** REVIEWS *****************************
SELECT * FROM touristflow.tripadvisor_reviews WHERE idplace IN (
	SELECT id FROM touristflow.tripadvisorShort WHERE shape_gid IN (
	83250,79567,54892,78624,47961,82574,78913,62838,47941,73895,73155,72676,58462,75347,62123,59227,80578,75351,74156,57104,48176,66728,82498,66242,80055,71741,72108,56084,70458,60734,53317,56561,72673,77339,62878,75227,78308,73273,71397,60065,82475,64810,73876,81351,70339,61346,58069,56225,65392,61883,73945,73801,79466,81062,83331,71400,63420,58571,58329,63768,63873,67247,64938,74591,78865,53504,58642,56233,57106,61499,53786,80580,62283,77967,57453,65062,55554,53812,61349,66891,58032,74412,73373,83330,47420,66502,83324,50815,81248,83036,65532,57336,67825,55244,58104,60925,49876,62297,57413,81632,60930,67191,78607,69320,49608,63821,76297,73132,68708,71008,74070,63372,51978,63967,63997,82576,65870,57840,76677,75340,67413,65458,48114,70505,60502,60660,55382,56626,65178,76534,81376,62604,49216,83057,68944,73233,73877,74019,77098,57723,60205,50425,65387,73501,74864,76889,54601,67609,81777,80827,55076,75456,65481,74289,78220,69501,77566,72678,81286,59945,82167,56468,60067,67959,61602,77916,69145,61151,77242,82433,62854,60424,71682,72187,62847,57258,57414,73591,68660,64342,73170,80163,69124,73902,77709,58350,60739,50124,70007,68281,76932,72814,53107,81219,65063,73655,77863,83183,75352,67647,76100,60038,76907,48942,78741,67921,66765,72023,67042,65525,57134,66763,66869,64315,76548,72006,73237,54034,68583,64076,48456,69318,74674,76709,77128,82435,71742,79507,77966,52887,68550,71595,72674,80543,71257,70512,79724,60422,67945,81491,82917,54798,74339,71473,60098,52996,58789,49342,68430,68580,81065,72369,81077,47003,67505,53251,81829,66198,52687,65930,61127,81290,53843,64324,72594,61861,81716,73851,53804,67080,81701,59401,69862,74481,73600,61749,80162,74478,68585,54301,53288,74518,53888,81123,74865,74211,61078,69286,75629,83326,52193,61512,75827,67084,58747,66562,69861,69101,52689,69859,68035,75483,75466,74949,55749,52694,72424,56305,69024,79563,76547,76992,51506,75134,56193,58961,74848,70295,79505,71905,61664,49298,71472,59054,66595,73172,51066,53980,78404,78309,65526,61013,83064,78657,80054,70315,60569,49932,51265,50290,79163,71665,76693,74903,79725,70694,60582,76727,64099,68777,48887,51246,60423,73601,78109,81289,72318,81427,72037,61028,64487,48881,63043,64319,69267,79508,52502,71354,73742,69015,67770,79491,73890,52598,74402,63987,79621,67652,80374,61048,82106,73673,62518,75689,82714,66185,78460,47719,58215,52944,52089,62420,68074,55065,48856,54582,69948,49501,65527,53083,83328,81025,71012,73585,82969,74326,73615,74841,58602,76525,67827,78658,48903,47893,62421,64314,73040,68298,67506,57363,77665,75493,66269,64058,63766,55210,58056,64247,56826,47440,53582,82481,82480,78622,74157,58481,63589,82157,70318,65300,73614,59888,81828,63421,61205,77911,77428,71943,70314,71516,67826,74082,61712,61706,82477,74400,77834,69146,61636,81405,63875,62955,73894,57452,58328,72834,62743,82353,60789,68403,78305,57409,73747,74446,80918,75339,79834,60375,53550,75002,64083,66582,67922,60399,76105,57095,69808,73847,67242,48866,58960,47476,58621,65973,57731,58344,68097,55266,55089,81713,71009,49722,82436,68943,81859,69073,58958,47845,80160,66640,67128,51098,58644,71414,58603,81288,60066,70342,50819,81064,58308,61320,75718,47539,80127,80852,73308,71329,69505,66373,80877,81292,64318,73848,67320,80286,73372,73499,57842,71328,77271,78126,77757,60929,79394,71871,65713,65533,72021,80581,65709,68444,61591,74334,82479,80128,71529,74288,83332,70294,58341,58452,75915,71945,57841,77142,62853,80164,82509,63021,67734,72067,63423,57384,54380,50958,78269,82015,81926,69055,57687,59467,70005,75712,49357,67797,75342,63704,60791,73855,73911,51336,61590,55732,79093,65486,75348,57385,57410,74847,51162,77569,80577,46892,72638,59879,52241,66933,49100,78742,82573,58645,78237,76679,79024,56989,72320,56722,60095,79908,58348,65565,70709,74463,62093,75617,70077,58839,82826,62012,63872,76102,67822,63764,82478,64671,71256,76103,58101,63350,78656,54148,80579,69330,76444,68299,76872,60740,61754,64404,58566,79423,78311,57271,58569,58826,67200,63820,82345,71471,80126,56377,58625,64953,75848,55023,65176,78076,67127,60914,78796,58627,52940,71637,67116,61514,72250,55040,74268,48493,81633,82354,62422,57138,80168,60013,54414,57856,59984,78432,66868,61189,55072,64518,61495,54977,82937,67613,58809,61592,52305,67597,58006,58454,58764,61154,82942,62868,70506,64990,65584,82812,52749,74073,56603,52451,50378,56793,74479,71253,64288,47602,82741,83081,66730,57137,57136,49897,58825,50040,80477,62689,51527,65727,61081,75345,51109,61901,82138,48038,62214,83329,74049,82434,66764,72317,50932,67824,78660,49078,64488,56823,76678,77502,69261,77873,67428,83043,77243,63767,63988,47781,59056,63966,48848,74517,79375,75341,64225,74628,79622,78914,69075,61345,82350,75646,54108,79175,71254,69102,69166,74420,77129,80021,79909,79224,65628,72195,50516,61188,75228,78743,81119,69858,65179,71013,82155,49953,53029,63670,78621,82811,58669,80587,80104,47674,73447,47272,80101,55188,58342,77570,60188,73220,72921,75287,58646,80582,54788,68321,80064,67923,64772,54872,67611,78623,75934,76549,51061,62969,74074,80166,73039,66955,67741,74714,75285,78745,72589,76576,56720,69860,64873,73463,72677,49056,78786,51819,81428,78303,58844,55378,81093,61902,66911,75719,60493,51440,64736,68038,69289,65180,67951,71377,62199,57140,75255,74091,73881,58102,76537,74509,63393,55994,62092,66382,62351,82476,83327,71879,52937,69504,82395,63884,52621,54756,51332,81565,73714,65530,73502,64316,63968,72981,77338,64730,72082,83166,76718,80826,78795,63762,57273,69866,48888,83325,79898,58671,74112,80915,70006,57757,76717,77126,81631,74324,74480,75482,65874,64992,76013,62260,70676,69065,75164,64114,64914,48744,70084,80071,47773,76711,80728,58461,79711,70126,64074,65049,69508,56825,58570,81630,47458,79794,81758,72015,76995,70204,57105,63239,78101,63763,60844,83060,57223,60172,57854,48824,66903,56751,77565,83333,71743,80464,67305,59792,59790,63979,75343,79225,54959,60203,80914,48813,58959,78659,71946,64113,61513,82084,70847,52576,46900,59890,78926,73393,79922,67823,70712,58765,66272,64217,65529,67427,58343,60571,59017,51869,79430,60855,57563,70938,78040,60021,61162,59044,62401,62587,60570,73688,53013,50340,67714,60736,73394,64322,57062,57549,56226,56314,66451,75165,65839,70665,64234,69381,60738,49134,75841,57033,74403,80882,50152,65585,78812,81149,63422,53784,77104,83041,82388,51383,66585,78304,68553,52803,76439,63965,49574,82083,67304,58783,64075,61752,64682,50541,70043,55032,66359,50666,58670,49968,80861,48786,77567,51208,56403,77683,48369,60566,73792,58601,74072,51928,58421,80680,66161,80161,46802,58932,70564,71398,72291,82107,72248,80647,75338,54239,63343,74071,58100,68657,81560,55043,63486,67752,61165,61751,60400,63229,54626,69702,67916,60097,52452,54546,49921,73500,56906,58345,65110,53861,77894,56824,60014,58824,66443,71947,68133,58327,59938,68279,61517,74751,48452,67418,76781,58347,77465,76891,54489,74849,73046,79506,58223,71596,68914,55483,77464,66187,74209,63736,66186,60741,74947,60581,66908,60735,74945,74715,77127,54030,67886,47449,71840,69317,83122,76789,63215,78740,65711,70715,60329,56797,65064,77244,53726,78603,69502,61685,80303,61001,62395,77643,76066,70685,65175,61518,67194,71719,61351,69257,75087,67340,77855,64833,68920,70632,71255,65177,55208,52016,73159,72487,61515,60503,74902,80919,61190,58804,73117,56721,59523,63640,78307,69243,52652,71229,47890,57732,57135,50240,47711,82346,53737,66045,52322,82940,81714,70031,65931,64485,56492,80287,47219,82349,67197,79833,62013,65419,69054,74080,65051,49414,78606,59390,62145,63474,76578,77272,68582,53793,57953,64637,49217,54800,73112,68470,56334,59942,69503,58296,80465,77564,71102,74210,68581,80733,61163,81793,78127,77847,79556,65524,77968,81287,63476,63684,60619,62423,82823,69925,54571,63395,69398,64224,70707,75108,83009,81322,70708,80542,63874,59145,72637,56609,65181,76577,67043,52090,60421,81375,81326,63526,55780,64773,65728,55360,79223,76719
	)
);

SELECT id, idplace, idauteur, note, date_review, date_visit, langue FROM touristflow.tripadvisor_reviews WHERE idplace IN (
	SELECT id FROM touristflow.tripadvisorShort WHERE shape_gid IN (
	83250,79567,54892,78624,47961,82574,78913,62838,47941,73895,73155,72676,58462,75347,62123,59227,80578,75351,74156,57104,48176,66728,82498,66242,80055,71741,72108,56084,70458,60734,53317,56561,72673,77339,62878,75227,78308,73273,71397,60065,82475,64810,73876,81351,70339,61346,58069,56225,65392,61883,73945,73801,79466,81062,83331,71400,63420,58571,58329,63768,63873,67247,64938,74591,78865,53504,58642,56233,57106,61499,53786,80580,62283,77967,57453,65062,55554,53812,61349,66891,58032,74412,73373,83330,47420,66502,83324,50815,81248,83036,65532,57336,67825,55244,58104,60925,49876,62297,57413,81632,60930,67191,78607,69320,49608,63821,76297,73132,68708,71008,74070,63372,51978,63967,63997,82576,65870,57840,76677,75340,67413,65458,48114,70505,60502,60660,55382,56626,65178,76534,81376,62604,49216,83057,68944,73233,73877,74019,77098,57723,60205,50425,65387,73501,74864,76889,54601,67609,81777,80827,55076,75456,65481,74289,78220,69501,77566,72678,81286,59945,82167,56468,60067,67959,61602,77916,69145,61151,77242,82433,62854,60424,71682,72187,62847,57258,57414,73591,68660,64342,73170,80163,69124,73902,77709,58350,60739,50124,70007,68281,76932,72814,53107,81219,65063,73655,77863,83183,75352,67647,76100,60038,76907,48942,78741,67921,66765,72023,67042,65525,57134,66763,66869,64315,76548,72006,73237,54034,68583,64076,48456,69318,74674,76709,77128,82435,71742,79507,77966,52887,68550,71595,72674,80543,71257,70512,79724,60422,67945,81491,82917,54798,74339,71473,60098,52996,58789,49342,68430,68580,81065,72369,81077,47003,67505,53251,81829,66198,52687,65930,61127,81290,53843,64324,72594,61861,81716,73851,53804,67080,81701,59401,69862,74481,73600,61749,80162,74478,68585,54301,53288,74518,53888,81123,74865,74211,61078,69286,75629,83326,52193,61512,75827,67084,58747,66562,69861,69101,52689,69859,68035,75483,75466,74949,55749,52694,72424,56305,69024,79563,76547,76992,51506,75134,56193,58961,74848,70295,79505,71905,61664,49298,71472,59054,66595,73172,51066,53980,78404,78309,65526,61013,83064,78657,80054,70315,60569,49932,51265,50290,79163,71665,76693,74903,79725,70694,60582,76727,64099,68777,48887,51246,60423,73601,78109,81289,72318,81427,72037,61028,64487,48881,63043,64319,69267,79508,52502,71354,73742,69015,67770,79491,73890,52598,74402,63987,79621,67652,80374,61048,82106,73673,62518,75689,82714,66185,78460,47719,58215,52944,52089,62420,68074,55065,48856,54582,69948,49501,65527,53083,83328,81025,71012,73585,82969,74326,73615,74841,58602,76525,67827,78658,48903,47893,62421,64314,73040,68298,67506,57363,77665,75493,66269,64058,63766,55210,58056,64247,56826,47440,53582,82481,82480,78622,74157,58481,63589,82157,70318,65300,73614,59888,81828,63421,61205,77911,77428,71943,70314,71516,67826,74082,61712,61706,82477,74400,77834,69146,61636,81405,63875,62955,73894,57452,58328,72834,62743,82353,60789,68403,78305,57409,73747,74446,80918,75339,79834,60375,53550,75002,64083,66582,67922,60399,76105,57095,69808,73847,67242,48866,58960,47476,58621,65973,57731,58344,68097,55266,55089,81713,71009,49722,82436,68943,81859,69073,58958,47845,80160,66640,67128,51098,58644,71414,58603,81288,60066,70342,50819,81064,58308,61320,75718,47539,80127,80852,73308,71329,69505,66373,80877,81292,64318,73848,67320,80286,73372,73499,57842,71328,77271,78126,77757,60929,79394,71871,65713,65533,72021,80581,65709,68444,61591,74334,82479,80128,71529,74288,83332,70294,58341,58452,75915,71945,57841,77142,62853,80164,82509,63021,67734,72067,63423,57384,54380,50958,78269,82015,81926,69055,57687,59467,70005,75712,49357,67797,75342,63704,60791,73855,73911,51336,61590,55732,79093,65486,75348,57385,57410,74847,51162,77569,80577,46892,72638,59879,52241,66933,49100,78742,82573,58645,78237,76679,79024,56989,72320,56722,60095,79908,58348,65565,70709,74463,62093,75617,70077,58839,82826,62012,63872,76102,67822,63764,82478,64671,71256,76103,58101,63350,78656,54148,80579,69330,76444,68299,76872,60740,61754,64404,58566,79423,78311,57271,58569,58826,67200,63820,82345,71471,80126,56377,58625,64953,75848,55023,65176,78076,67127,60914,78796,58627,52940,71637,67116,61514,72250,55040,74268,48493,81633,82354,62422,57138,80168,60013,54414,57856,59984,78432,66868,61189,55072,64518,61495,54977,82937,67613,58809,61592,52305,67597,58006,58454,58764,61154,82942,62868,70506,64990,65584,82812,52749,74073,56603,52451,50378,56793,74479,71253,64288,47602,82741,83081,66730,57137,57136,49897,58825,50040,80477,62689,51527,65727,61081,75345,51109,61901,82138,48038,62214,83329,74049,82434,66764,72317,50932,67824,78660,49078,64488,56823,76678,77502,69261,77873,67428,83043,77243,63767,63988,47781,59056,63966,48848,74517,79375,75341,64225,74628,79622,78914,69075,61345,82350,75646,54108,79175,71254,69102,69166,74420,77129,80021,79909,79224,65628,72195,50516,61188,75228,78743,81119,69858,65179,71013,82155,49953,53029,63670,78621,82811,58669,80587,80104,47674,73447,47272,80101,55188,58342,77570,60188,73220,72921,75287,58646,80582,54788,68321,80064,67923,64772,54872,67611,78623,75934,76549,51061,62969,74074,80166,73039,66955,67741,74714,75285,78745,72589,76576,56720,69860,64873,73463,72677,49056,78786,51819,81428,78303,58844,55378,81093,61902,66911,75719,60493,51440,64736,68038,69289,65180,67951,71377,62199,57140,75255,74091,73881,58102,76537,74509,63393,55994,62092,66382,62351,82476,83327,71879,52937,69504,82395,63884,52621,54756,51332,81565,73714,65530,73502,64316,63968,72981,77338,64730,72082,83166,76718,80826,78795,63762,57273,69866,48888,83325,79898,58671,74112,80915,70006,57757,76717,77126,81631,74324,74480,75482,65874,64992,76013,62260,70676,69065,75164,64114,64914,48744,70084,80071,47773,76711,80728,58461,79711,70126,64074,65049,69508,56825,58570,81630,47458,79794,81758,72015,76995,70204,57105,63239,78101,63763,60844,83060,57223,60172,57854,48824,66903,56751,77565,83333,71743,80464,67305,59792,59790,63979,75343,79225,54959,60203,80914,48813,58959,78659,71946,64113,61513,82084,70847,52576,46900,59890,78926,73393,79922,67823,70712,58765,66272,64217,65529,67427,58343,60571,59017,51869,79430,60855,57563,70938,78040,60021,61162,59044,62401,62587,60570,73688,53013,50340,67714,60736,73394,64322,57062,57549,56226,56314,66451,75165,65839,70665,64234,69381,60738,49134,75841,57033,74403,80882,50152,65585,78812,81149,63422,53784,77104,83041,82388,51383,66585,78304,68553,52803,76439,63965,49574,82083,67304,58783,64075,61752,64682,50541,70043,55032,66359,50666,58670,49968,80861,48786,77567,51208,56403,77683,48369,60566,73792,58601,74072,51928,58421,80680,66161,80161,46802,58932,70564,71398,72291,82107,72248,80647,75338,54239,63343,74071,58100,68657,81560,55043,63486,67752,61165,61751,60400,63229,54626,69702,67916,60097,52452,54546,49921,73500,56906,58345,65110,53861,77894,56824,60014,58824,66443,71947,68133,58327,59938,68279,61517,74751,48452,67418,76781,58347,77465,76891,54489,74849,73046,79506,58223,71596,68914,55483,77464,66187,74209,63736,66186,60741,74947,60581,66908,60735,74945,74715,77127,54030,67886,47449,71840,69317,83122,76789,63215,78740,65711,70715,60329,56797,65064,77244,53726,78603,69502,61685,80303,61001,62395,77643,76066,70685,65175,61518,67194,71719,61351,69257,75087,67340,77855,64833,68920,70632,71255,65177,55208,52016,73159,72487,61515,60503,74902,80919,61190,58804,73117,56721,59523,63640,78307,69243,52652,71229,47890,57732,57135,50240,47711,82346,53737,66045,52322,82940,81714,70031,65931,64485,56492,80287,47219,82349,67197,79833,62013,65419,69054,74080,65051,49414,78606,59390,62145,63474,76578,77272,68582,53793,57953,64637,49217,54800,73112,68470,56334,59942,69503,58296,80465,77564,71102,74210,68581,80733,61163,81793,78127,77847,79556,65524,77968,81287,63476,63684,60619,62423,82823,69925,54571,63395,69398,64224,70707,75108,83009,81322,70708,80542,63874,59145,72637,56609,65181,76577,67043,52090,60421,81375,81326,63526,55780,64773,65728,55360,79223,76719
	)
) LIMIT 100;


**************** DATE REVIEWS *******
2002-02-21 2016-12-09


******************************************************************************
******************************************************************************
************************** COURCHEVEL ****************************************
******************************************************************************
******************************************************************************

******************** PLACES ****************************
SELECT * FROM touristflow.tripadvisorShort WHERE shape_gid IN (
53660, 50882
);

OU  

SELECT id, nom, url, nbAvis, latitude, longitude, shape_gid, gtrip FROM touristflow.tripadvisor WHERE shape_gid IN (
53660, 50882
);

**************** REVIEWS *****************************
SELECT id, idplace, idauteur, note, date_review, date_visit, langue FROM touristflow.tripadvisor_reviews WHERE idplace IN (
	SELECT id FROM touristflow.tripadvisorShort WHERE shape_gid IN (
	53660, 50882
	)
);

**************** DATE REVIEWS *******
2003-07-04 2016-12-08
SELECT MIN(date_review) AS "Minimum", MAX(date_review) AS "Maximum" FROM touristflow.tripadvisor_reviews WHERE idplace IN (
	SELECT id FROM touristflow.tripadvisorShort WHERE shape_gid IN (
	53660, 50882
	)
) AND date_review != '0000-00-00';


******************************************************************************
******************************************************************************
************************** LA GRANDE MOTTE *********************************** 43.5685394142, 4.0758328467
******************************************************************************
******************************************************************************

******************** PLACES ****************************
SELECT * FROM touristflow.tripadvisorShort WHERE shape_gid = 72663 ;

OU 

SELECT id, nom, url, nbAvis, latitude, longitude, shape_gid, gtrip FROM touristflow.tripadvisor  WHERE shape_gid = 72663 ;

**************** REVIEWS *****************************
SELECT id, idplace, idauteur, note, date_review, date_visit, langue FROM touristflow.tripadvisor_reviews WHERE idplace IN (
	SELECT id FROM touristflow.tripadvisorShort WHERE shape_gid = 72663 
);

**************** DATE REVIEWS *******
2004-05-11 2016-12-04


******************************************************************************
******************************************************************************
************************** REIMS ****************************************
******************************************************************************
******************************************************************************

******************** PLACES ****************************
SELECT * FROM touristflow.tripadvisorShort WHERE shape_gid = 71233;

OU  

SELECT id, nom, url, nbAvis, latitude, longitude, shape_gid, gtrip FROM touristflow.tripadvisor WHERE shape_gid = 71233;

**************** REVIEWS *****************************
SELECT id, idplace, idauteur, note, date_review, date_visit, langue FROM touristflow.tripadvisor_reviews WHERE idplace IN (
	SELECT id FROM touristflow.tripadvisorShort WHERE shape_gid = 71233
);

**************** DATE REVIEWS *******
2002-11-14 2016-12-07
SELECT MIN(date_review) AS "Minimum", MAX(date_review) AS "Maximum" FROM touristflow.tripadvisor_reviews WHERE idplace IN (
	SELECT id FROM touristflow.tripadvisorShort WHERE shape_gid = 71233
) AND date_review != '0000-00-00';

******************************************************************************
******************************************************************************
************************** LILLE ****************************************
******************************************************************************
******************************************************************************

******************** PLACES ****************************
SELECT * FROM touristflow.tripadvisorShort WHERE shape_gid = 52094;

OU  

SELECT id, nom, url, nbAvis, latitude, longitude, shape_gid, gtrip FROM touristflow.tripadvisor WHERE shape_gid = 52094;

**************** REVIEWS *****************************
SELECT id, idplace, idauteur, note, date_review, date_visit, langue FROM touristflow.tripadvisor_reviews WHERE idplace IN (
	SELECT id FROM touristflow.tripadvisorShort WHERE shape_gid = 52094
);

**************** DATE REVIEWS *******
2002-11-03 2016-12-09
SELECT MIN(date_review) AS "Minimum", MAX(date_review) AS "Maximum" FROM touristflow.tripadvisor_reviews WHERE idplace IN (
	SELECT id FROM touristflow.tripadvisorShort WHERE shape_gid = 52094
) AND date_review != '0000-00-00';


******************************************************************************
******************************************************************************
************************** BORDEAUX ****************************************
******************************************************************************
******************************************************************************

******************** PLACES ****************************
SELECT * FROM touristflow.tripadvisorShort WHERE shape_gid = 48328;

OU  

SELECT id, nom, url, nbAvis, latitude, longitude, shape_gid, gtrip FROM touristflow.tripadvisor WHERE shape_gid = 48328;

**************** REVIEWS *****************************
SELECT id, idplace, idauteur, note, date_review, date_visit, langue FROM touristflow.tripadvisor_reviews WHERE idplace IN (
	SELECT id FROM touristflow.tripadvisorShort WHERE shape_gid = 48328
);

**************** DATE REVIEWS *******
2003-01-03 2016-12-09
SELECT MIN(date_review) AS "Minimum", MAX(date_review) AS "Maximum" FROM touristflow.tripadvisor_reviews WHERE idplace IN (
	SELECT id FROM touristflow.tripadvisorShort WHERE shape_gid = 48328
) AND date_review != '0000-00-00';


******************************************************************************
******************************************************************************
*********************** REVIEWS TOTAL VOLUME *********************************
******************************************************************************
******************************************************************************
select extract(year from date_review) as yr, extract(month from date_review) as mon,
       sum(id)
from `touristflow`.`tripadvisor_reviews`
group by extract(year from date_review), extract(month from date_review)
order by yr, mon;

******************************************************************************
******************************************************************************
**************************** REMARQUES ***************************************
******************************************************************************
******************************************************************************
COURCHEVEL 
shape_gid 53660, 50882
Code INSEE 73198, 73227
Code Postal 73120 et 73600 , 73120
Date first review 2003-07-04 
Date last review 2016-12-08
Nombre de mois : 162 (arr° au supérieur) https://www.calendrier-365.fr/calculez/04-07-2003_08-12-2016.html
Superficie Courchevel : 68,9 km²
Nombre places : 244

LA GRANDE MOTTE
shape_gid 72663
Code INSEE 34280
Code Postal 34344
Date first review 2004-05-11 
Date last review 2016-12-04
Nombre de mois : 151 (arr° au supérieur) https://www.calendrier-365.fr/calculez/11-05-2004_04-12-2016.html
Superficie : 10.58
Nombre places : 214

LILLE
shape_gid 52094
Code INSEE 59350
Code Postal 59000/59160/59260/59777/59800
Date first review 2002-11-03 
Date last review 2016-12-09
Nombre de mois : 170 (arr° au supérieur) https://www.calendrier-365.fr/calculez/03-11-2002_09-12-2016.html
Superficie : 39,51 km²
Nombre places : 1426

REIMS
shape_gid 71233
Code INSEE 51454
Code Postal 51100
Date first review 2002-11-14 
Date last review 2016-12-07
Nombre de mois : 169 (arr° au supérieur) https://www.calendrier-365.fr/calculez/14-11-2002_07-12-2016.html
Superficie : 46,9 km²
Nombre places : 573

BORDEAUX
shape_gid 48328
Code INSEE 33063
Code Postal 33000/33100/33200/33300/33800
Date first review 2003-01-03 
Date last review 2016-12-09
Nombre de mois : 168 (arr° au supérieur) https://www.calendrier-365.fr/calculez/03-01-2003_09-12-2016.html
Superficie : 49,36 km²
Nombre places : 1858